% Problem 2
x = 0:0.005:10;
y1 = (1 / (0.5 * sqrt(2 * pi))) * exp((-1 / 2) * ((x - 5) / 0.5).^2);
y2 = (1 / (1.0 * sqrt(2 * pi))) * exp((-1 / 2) * ((x - 5) / 1.0).^2);
y3 = (1 / (1.5 * sqrt(2 * pi))) * exp((-1 / 2) * ((x - 5) / 1.5).^2);
plot(x,y1,'--c',x,y2,'-m',x,y3,'-.y')
xlabel('0 \leq x \leq 10')
ylabel('Φ(x-5,σ)')
legend('σ = 0.5','σ = 1.0','σ = 1.5')
title('Problem 2')
axis([0, 10, 0, 1])

% Problem 3
A = zeros(5, 5)

A =

     0     0     0     0     0
     0     0     0     0     0
     0     0     0     0     0
     0     0     0     0     0
     0     0     0     0     0


n = 1

n =

     1

while n <= 5
    A(n, n) = 2
    n = n + 1
end

A =

     2     0     0     0     0
     0     0     0     0     0
     0     0     0     0     0
     0     0     0     0     0
     0     0     0     0     0


n =

     2


A =

     2     0     0     0     0
     0     2     0     0     0
     0     0     0     0     0
     0     0     0     0     0
     0     0     0     0     0


n =

     3


A =

     2     0     0     0     0
     0     2     0     0     0
     0     0     2     0     0
     0     0     0     0     0
     0     0     0     0     0


n =

     4


A =

     2     0     0     0     0
     0     2     0     0     0
     0     0     2     0     0
     0     0     0     2     0
     0     0     0     0     0


n =

     5


A =

     2     0     0     0     0
     0     2     0     0     0
     0     0     2     0     0
     0     0     0     2     0
     0     0     0     0     2


n =

     6

n = 1

n =

     1

while n <= 4
    A(n, n+1) = 1
    A(n+1, n) = 1
    n = n + 1
end

A =

     2     1     0     0     0
     0     2     0     0     0
     0     0     2     0     0
     0     0     0     2     0
     0     0     0     0     2


A =

     2     1     0     0     0
     1     2     0     0     0
     0     0     2     0     0
     0     0     0     2     0
     0     0     0     0     2


n =

     2


A =

     2     1     0     0     0
     1     2     1     0     0
     0     0     2     0     0
     0     0     0     2     0
     0     0     0     0     2


A =

     2     1     0     0     0
     1     2     1     0     0
     0     1     2     0     0
     0     0     0     2     0
     0     0     0     0     2


n =

     3


A =

     2     1     0     0     0
     1     2     1     0     0
     0     1     2     1     0
     0     0     0     2     0
     0     0     0     0     2


A =

     2     1     0     0     0
     1     2     1     0     0
     0     1     2     1     0
     0     0     1     2     0
     0     0     0     0     2


n =

     4


A =

     2     1     0     0     0
     1     2     1     0     0
     0     1     2     1     0
     0     0     1     2     1
     0     0     0     0     2


A =

     2     1     0     0     0
     1     2     1     0     0
     0     1     2     1     0
     0     0     1     2     1
     0     0     0     1     2


n =

     5


H = (1 / (2 * (1 / (5 - 1)).^2)) * A

H =

    16     8     0     0     0
     8    16     8     0     0
     0     8    16     8     0
     0     0     8    16     8
     0     0     0     8    16


[V, D] = eig(H)

V =

    0.2887   -0.5000    0.5774    0.5000   -0.2887
   -0.5000    0.5000   -0.0000    0.5000   -0.5000
    0.5774    0.0000   -0.5774   -0.0000   -0.5774
   -0.5000   -0.5000   -0.0000   -0.5000   -0.5000
    0.2887    0.5000    0.5774   -0.5000   -0.2887


D =

    2.1436         0         0         0         0
         0    8.0000         0         0         0
         0         0   16.0000         0         0
         0         0         0   24.0000         0
         0         0         0         0   29.8564


B = V(5, :)

B =

    0.2887    0.5000    0.5774   -0.5000   -0.2887

x = linspace(1/(5+1), 5/(5+1), 5);
y = sqrt(2) * sin(pi * x)

y =

    0.7071    1.2247    1.4142    1.2247    0.7071

plot(x, B, x, y)
axis([0, 1, -2, 2])

% Problem 4
A = zeros(10, 10)

A =

     0     0     0     0     0     0     0     0     0     0
     0     0     0     0     0     0     0     0     0     0
     0     0     0     0     0     0     0     0     0     0
     0     0     0     0     0     0     0     0     0     0
     0     0     0     0     0     0     0     0     0     0
     0     0     0     0     0     0     0     0     0     0
     0     0     0     0     0     0     0     0     0     0
     0     0     0     0     0     0     0     0     0     0
     0     0     0     0     0     0     0     0     0     0
     0     0     0     0     0     0     0     0     0     0


n = 1

n =

     1

while n <= 10
    A(n, n) = 2
    n = n + 1
end

A =

     2     0     0     0     0     0     0     0     0     0
     0     0     0     0     0     0     0     0     0     0
     0     0     0     0     0     0     0     0     0     0
     0     0     0     0     0     0     0     0     0     0
     0     0     0     0     0     0     0     0     0     0
     0     0     0     0     0     0     0     0     0     0
     0     0     0     0     0     0     0     0     0     0
     0     0     0     0     0     0     0     0     0     0
     0     0     0     0     0     0     0     0     0     0
     0     0     0     0     0     0     0     0     0     0


n =

     2


A =

     2     0     0     0     0     0     0     0     0     0
     0     2     0     0     0     0     0     0     0     0
     0     0     0     0     0     0     0     0     0     0
     0     0     0     0     0     0     0     0     0     0
     0     0     0     0     0     0     0     0     0     0
     0     0     0     0     0     0     0     0     0     0
     0     0     0     0     0     0     0     0     0     0
     0     0     0     0     0     0     0     0     0     0
     0     0     0     0     0     0     0     0     0     0
     0     0     0     0     0     0     0     0     0     0


n =

     3


A =

     2     0     0     0     0     0     0     0     0     0
     0     2     0     0     0     0     0     0     0     0
     0     0     2     0     0     0     0     0     0     0
     0     0     0     0     0     0     0     0     0     0
     0     0     0     0     0     0     0     0     0     0
     0     0     0     0     0     0     0     0     0     0
     0     0     0     0     0     0     0     0     0     0
     0     0     0     0     0     0     0     0     0     0
     0     0     0     0     0     0     0     0     0     0
     0     0     0     0     0     0     0     0     0     0


n =

     4


A =

     2     0     0     0     0     0     0     0     0     0
     0     2     0     0     0     0     0     0     0     0
     0     0     2     0     0     0     0     0     0     0
     0     0     0     2     0     0     0     0     0     0
     0     0     0     0     0     0     0     0     0     0
     0     0     0     0     0     0     0     0     0     0
     0     0     0     0     0     0     0     0     0     0
     0     0     0     0     0     0     0     0     0     0
     0     0     0     0     0     0     0     0     0     0
     0     0     0     0     0     0     0     0     0     0


n =

     5


A =

     2     0     0     0     0     0     0     0     0     0
     0     2     0     0     0     0     0     0     0     0
     0     0     2     0     0     0     0     0     0     0
     0     0     0     2     0     0     0     0     0     0
     0     0     0     0     2     0     0     0     0     0
     0     0     0     0     0     0     0     0     0     0
     0     0     0     0     0     0     0     0     0     0
     0     0     0     0     0     0     0     0     0     0
     0     0     0     0     0     0     0     0     0     0
     0     0     0     0     0     0     0     0     0     0


n =

     6


A =

     2     0     0     0     0     0     0     0     0     0
     0     2     0     0     0     0     0     0     0     0
     0     0     2     0     0     0     0     0     0     0
     0     0     0     2     0     0     0     0     0     0
     0     0     0     0     2     0     0     0     0     0
     0     0     0     0     0     2     0     0     0     0
     0     0     0     0     0     0     0     0     0     0
     0     0     0     0     0     0     0     0     0     0
     0     0     0     0     0     0     0     0     0     0
     0     0     0     0     0     0     0     0     0     0


n =

     7


A =

     2     0     0     0     0     0     0     0     0     0
     0     2     0     0     0     0     0     0     0     0
     0     0     2     0     0     0     0     0     0     0
     0     0     0     2     0     0     0     0     0     0
     0     0     0     0     2     0     0     0     0     0
     0     0     0     0     0     2     0     0     0     0
     0     0     0     0     0     0     2     0     0     0
     0     0     0     0     0     0     0     0     0     0
     0     0     0     0     0     0     0     0     0     0
     0     0     0     0     0     0     0     0     0     0


n =

     8


A =

     2     0     0     0     0     0     0     0     0     0
     0     2     0     0     0     0     0     0     0     0
     0     0     2     0     0     0     0     0     0     0
     0     0     0     2     0     0     0     0     0     0
     0     0     0     0     2     0     0     0     0     0
     0     0     0     0     0     2     0     0     0     0
     0     0     0     0     0     0     2     0     0     0
     0     0     0     0     0     0     0     2     0     0
     0     0     0     0     0     0     0     0     0     0
     0     0     0     0     0     0     0     0     0     0


n =

     9


A =

     2     0     0     0     0     0     0     0     0     0
     0     2     0     0     0     0     0     0     0     0
     0     0     2     0     0     0     0     0     0     0
     0     0     0     2     0     0     0     0     0     0
     0     0     0     0     2     0     0     0     0     0
     0     0     0     0     0     2     0     0     0     0
     0     0     0     0     0     0     2     0     0     0
     0     0     0     0     0     0     0     2     0     0
     0     0     0     0     0     0     0     0     2     0
     0     0     0     0     0     0     0     0     0     0


n =

    10


A =

     2     0     0     0     0     0     0     0     0     0
     0     2     0     0     0     0     0     0     0     0
     0     0     2     0     0     0     0     0     0     0
     0     0     0     2     0     0     0     0     0     0
     0     0     0     0     2     0     0     0     0     0
     0     0     0     0     0     2     0     0     0     0
     0     0     0     0     0     0     2     0     0     0
     0     0     0     0     0     0     0     2     0     0
     0     0     0     0     0     0     0     0     2     0
     0     0     0     0     0     0     0     0     0     2


n =

    11

n = 1

n =

     1

while n <= 9
    A(n, n+1) = 1
    A(n+1, n) = 1
    n = n + 1
end

A =

     2     1     0     0     0     0     0     0     0     0
     0     2     0     0     0     0     0     0     0     0
     0     0     2     0     0     0     0     0     0     0
     0     0     0     2     0     0     0     0     0     0
     0     0     0     0     2     0     0     0     0     0
     0     0     0     0     0     2     0     0     0     0
     0     0     0     0     0     0     2     0     0     0
     0     0     0     0     0     0     0     2     0     0
     0     0     0     0     0     0     0     0     2     0
     0     0     0     0     0     0     0     0     0     2


A =

     2     1     0     0     0     0     0     0     0     0
     1     2     0     0     0     0     0     0     0     0
     0     0     2     0     0     0     0     0     0     0
     0     0     0     2     0     0     0     0     0     0
     0     0     0     0     2     0     0     0     0     0
     0     0     0     0     0     2     0     0     0     0
     0     0     0     0     0     0     2     0     0     0
     0     0     0     0     0     0     0     2     0     0
     0     0     0     0     0     0     0     0     2     0
     0     0     0     0     0     0     0     0     0     2


n =

     2


A =

     2     1     0     0     0     0     0     0     0     0
     1     2     1     0     0     0     0     0     0     0
     0     0     2     0     0     0     0     0     0     0
     0     0     0     2     0     0     0     0     0     0
     0     0     0     0     2     0     0     0     0     0
     0     0     0     0     0     2     0     0     0     0
     0     0     0     0     0     0     2     0     0     0
     0     0     0     0     0     0     0     2     0     0
     0     0     0     0     0     0     0     0     2     0
     0     0     0     0     0     0     0     0     0     2


A =

     2     1     0     0     0     0     0     0     0     0
     1     2     1     0     0     0     0     0     0     0
     0     1     2     0     0     0     0     0     0     0
     0     0     0     2     0     0     0     0     0     0
     0     0     0     0     2     0     0     0     0     0
     0     0     0     0     0     2     0     0     0     0
     0     0     0     0     0     0     2     0     0     0
     0     0     0     0     0     0     0     2     0     0
     0     0     0     0     0     0     0     0     2     0
     0     0     0     0     0     0     0     0     0     2


n =

     3


A =

     2     1     0     0     0     0     0     0     0     0
     1     2     1     0     0     0     0     0     0     0
     0     1     2     1     0     0     0     0     0     0
     0     0     0     2     0     0     0     0     0     0
     0     0     0     0     2     0     0     0     0     0
     0     0     0     0     0     2     0     0     0     0
     0     0     0     0     0     0     2     0     0     0
     0     0     0     0     0     0     0     2     0     0
     0     0     0     0     0     0     0     0     2     0
     0     0     0     0     0     0     0     0     0     2


A =

     2     1     0     0     0     0     0     0     0     0
     1     2     1     0     0     0     0     0     0     0
     0     1     2     1     0     0     0     0     0     0
     0     0     1     2     0     0     0     0     0     0
     0     0     0     0     2     0     0     0     0     0
     0     0     0     0     0     2     0     0     0     0
     0     0     0     0     0     0     2     0     0     0
     0     0     0     0     0     0     0     2     0     0
     0     0     0     0     0     0     0     0     2     0
     0     0     0     0     0     0     0     0     0     2


n =

     4


A =

     2     1     0     0     0     0     0     0     0     0
     1     2     1     0     0     0     0     0     0     0
     0     1     2     1     0     0     0     0     0     0
     0     0     1     2     1     0     0     0     0     0
     0     0     0     0     2     0     0     0     0     0
     0     0     0     0     0     2     0     0     0     0
     0     0     0     0     0     0     2     0     0     0
     0     0     0     0     0     0     0     2     0     0
     0     0     0     0     0     0     0     0     2     0
     0     0     0     0     0     0     0     0     0     2


A =

     2     1     0     0     0     0     0     0     0     0
     1     2     1     0     0     0     0     0     0     0
     0     1     2     1     0     0     0     0     0     0
     0     0     1     2     1     0     0     0     0     0
     0     0     0     1     2     0     0     0     0     0
     0     0     0     0     0     2     0     0     0     0
     0     0     0     0     0     0     2     0     0     0
     0     0     0     0     0     0     0     2     0     0
     0     0     0     0     0     0     0     0     2     0
     0     0     0     0     0     0     0     0     0     2


n =

     5


A =

     2     1     0     0     0     0     0     0     0     0
     1     2     1     0     0     0     0     0     0     0
     0     1     2     1     0     0     0     0     0     0
     0     0     1     2     1     0     0     0     0     0
     0     0     0     1     2     1     0     0     0     0
     0     0     0     0     0     2     0     0     0     0
     0     0     0     0     0     0     2     0     0     0
     0     0     0     0     0     0     0     2     0     0
     0     0     0     0     0     0     0     0     2     0
     0     0     0     0     0     0     0     0     0     2


A =

     2     1     0     0     0     0     0     0     0     0
     1     2     1     0     0     0     0     0     0     0
     0     1     2     1     0     0     0     0     0     0
     0     0     1     2     1     0     0     0     0     0
     0     0     0     1     2     1     0     0     0     0
     0     0     0     0     1     2     0     0     0     0
     0     0     0     0     0     0     2     0     0     0
     0     0     0     0     0     0     0     2     0     0
     0     0     0     0     0     0     0     0     2     0
     0     0     0     0     0     0     0     0     0     2


n =

     6


A =

     2     1     0     0     0     0     0     0     0     0
     1     2     1     0     0     0     0     0     0     0
     0     1     2     1     0     0     0     0     0     0
     0     0     1     2     1     0     0     0     0     0
     0     0     0     1     2     1     0     0     0     0
     0     0     0     0     1     2     1     0     0     0
     0     0     0     0     0     0     2     0     0     0
     0     0     0     0     0     0     0     2     0     0
     0     0     0     0     0     0     0     0     2     0
     0     0     0     0     0     0     0     0     0     2


A =

     2     1     0     0     0     0     0     0     0     0
     1     2     1     0     0     0     0     0     0     0
     0     1     2     1     0     0     0     0     0     0
     0     0     1     2     1     0     0     0     0     0
     0     0     0     1     2     1     0     0     0     0
     0     0     0     0     1     2     1     0     0     0
     0     0     0     0     0     1     2     0     0     0
     0     0     0     0     0     0     0     2     0     0
     0     0     0     0     0     0     0     0     2     0
     0     0     0     0     0     0     0     0     0     2


n =

     7


A =

     2     1     0     0     0     0     0     0     0     0
     1     2     1     0     0     0     0     0     0     0
     0     1     2     1     0     0     0     0     0     0
     0     0     1     2     1     0     0     0     0     0
     0     0     0     1     2     1     0     0     0     0
     0     0     0     0     1     2     1     0     0     0
     0     0     0     0     0     1     2     1     0     0
     0     0     0     0     0     0     0     2     0     0
     0     0     0     0     0     0     0     0     2     0
     0     0     0     0     0     0     0     0     0     2


A =

     2     1     0     0     0     0     0     0     0     0
     1     2     1     0     0     0     0     0     0     0
     0     1     2     1     0     0     0     0     0     0
     0     0     1     2     1     0     0     0     0     0
     0     0     0     1     2     1     0     0     0     0
     0     0     0     0     1     2     1     0     0     0
     0     0     0     0     0     1     2     1     0     0
     0     0     0     0     0     0     1     2     0     0
     0     0     0     0     0     0     0     0     2     0
     0     0     0     0     0     0     0     0     0     2


n =

     8


A =

     2     1     0     0     0     0     0     0     0     0
     1     2     1     0     0     0     0     0     0     0
     0     1     2     1     0     0     0     0     0     0
     0     0     1     2     1     0     0     0     0     0
     0     0     0     1     2     1     0     0     0     0
     0     0     0     0     1     2     1     0     0     0
     0     0     0     0     0     1     2     1     0     0
     0     0     0     0     0     0     1     2     1     0
     0     0     0     0     0     0     0     0     2     0
     0     0     0     0     0     0     0     0     0     2


A =

     2     1     0     0     0     0     0     0     0     0
     1     2     1     0     0     0     0     0     0     0
     0     1     2     1     0     0     0     0     0     0
     0     0     1     2     1     0     0     0     0     0
     0     0     0     1     2     1     0     0     0     0
     0     0     0     0     1     2     1     0     0     0
     0     0     0     0     0     1     2     1     0     0
     0     0     0     0     0     0     1     2     1     0
     0     0     0     0     0     0     0     1     2     0
     0     0     0     0     0     0     0     0     0     2


n =

     9


A =

     2     1     0     0     0     0     0     0     0     0
     1     2     1     0     0     0     0     0     0     0
     0     1     2     1     0     0     0     0     0     0
     0     0     1     2     1     0     0     0     0     0
     0     0     0     1     2     1     0     0     0     0
     0     0     0     0     1     2     1     0     0     0
     0     0     0     0     0     1     2     1     0     0
     0     0     0     0     0     0     1     2     1     0
     0     0     0     0     0     0     0     1     2     1
     0     0     0     0     0     0     0     0     0     2


A =

     2     1     0     0     0     0     0     0     0     0
     1     2     1     0     0     0     0     0     0     0
     0     1     2     1     0     0     0     0     0     0
     0     0     1     2     1     0     0     0     0     0
     0     0     0     1     2     1     0     0     0     0
     0     0     0     0     1     2     1     0     0     0
     0     0     0     0     0     1     2     1     0     0
     0     0     0     0     0     0     1     2     1     0
     0     0     0     0     0     0     0     1     2     1
     0     0     0     0     0     0     0     0     1     2


n =

    10


lO = input('What npoints? ')
What npoints? 10

lO =

    10


H = (1 / (2 * (1 / (lO - 1)).^2)) * A

H =

  Columns 1 through 8

   81.0000   40.5000         0         0         0         0         0         0
   40.5000   81.0000   40.5000         0         0         0         0         0
         0   40.5000   81.0000   40.5000         0         0         0         0
         0         0   40.5000   81.0000   40.5000         0         0         0
         0         0         0   40.5000   81.0000   40.5000         0         0
         0         0         0         0   40.5000   81.0000   40.5000         0
         0         0         0         0         0   40.5000   81.0000   40.5000
         0         0         0         0         0         0   40.5000   81.0000
         0         0         0         0         0         0         0   40.5000
         0         0         0         0         0         0         0         0

  Columns 9 through 10

         0         0
         0         0
         0         0
         0         0
         0         0
         0         0
         0         0
   40.5000         0
   81.0000   40.5000
   40.5000   81.0000


[V, D] = eig(H)

V =

  Columns 1 through 8

   -0.1201   -0.2305   -0.3223   -0.3879    0.4221    0.4221    0.3879    0.3223
    0.2305    0.3879    0.4221    0.3223   -0.1201    0.1201    0.3223    0.4221
   -0.3223   -0.4221   -0.2305    0.1201   -0.3879   -0.3879   -0.1201    0.2305
    0.3879    0.3223   -0.1201   -0.4221    0.2305   -0.2305   -0.4221   -0.1201
   -0.4221   -0.1201    0.3879    0.2305    0.3223    0.3223   -0.2305   -0.3879
    0.4221   -0.1201   -0.3879    0.2305   -0.3223    0.3223    0.2305   -0.3879
   -0.3879    0.3223    0.1201   -0.4221   -0.2305   -0.2305    0.4221   -0.1201
    0.3223   -0.4221    0.2305    0.1201    0.3879   -0.3879    0.1201    0.2305
   -0.2305    0.3879   -0.4221    0.3223    0.1201    0.1201   -0.3223    0.4221
    0.1201   -0.2305    0.3223   -0.3879   -0.4221    0.4221   -0.3879    0.3223

  Columns 9 through 10

   -0.2305    0.1201
   -0.3879    0.2305
   -0.4221    0.3223
   -0.3223    0.3879
   -0.1201    0.4221
    0.1201    0.4221
    0.3223    0.3879
    0.4221    0.3223
    0.3879    0.2305
    0.2305    0.1201


D =

  Columns 1 through 8

    3.2811         0         0         0         0         0         0         0
         0   12.8585         0         0         0         0         0         0
         0         0   27.9563         0         0         0         0         0
         0         0         0   47.3514         0         0         0         0
         0         0         0         0   69.4725         0         0         0
         0         0         0         0         0   92.5275         0         0
         0         0         0         0         0         0  114.6486         0
         0         0         0         0         0         0         0  134.0437
         0         0         0         0         0         0         0         0
         0         0         0         0         0         0         0         0

  Columns 9 through 10

         0         0
         0         0
         0         0
         0         0
         0         0
         0         0
         0         0
         0         0
  149.1415         0
         0  158.7189


B = V(5, :)

B =

  Columns 1 through 8

   -0.4221   -0.1201    0.3879    0.2305    0.3223    0.3223   -0.2305   -0.3879

  Columns 9 through 10

   -0.1201    0.4221

x = linspace(1/(lO+1), lO/(lO+1), lO);
y = sqrt(2) * sin(pi * x)

y =

  Columns 1 through 8

    0.3984    0.7646    1.0688    1.2864    1.3998    1.3998    1.2864    1.0688

  Columns 9 through 10

    0.7646    0.3984

plot(x, B, x, y)
axis([0, 1, -2, 2])
diary off
